% itera v0.1 Model Grids
%
% FORMAT: parameter 2, parameter 1 (as labelled), X1, X2, Y1, Y2
%         with emission lines given as ratios with respect to H-beta 4861
%
X1 =  SII6716.3Å,6730.7Å
X2 =  HI 6562.8Å
Y1 =  OIII 5006.8Å
Y2 =  HI 4861.3Å
           B     VELOCITY           X1           X2           Y1           Y2
--------------------------------------------------------------------------------
    0.010000   1.0000E+02   3.5360E-01   3.0180E+00   2.4540E+00   1.0000E+00
    0.010000   1.2500E+02   3.4880E-01   2.9760E+00   2.1090E+00   1.0000E+00
    0.010000   1.5000E+02   2.8911E-01   2.9290E+00   1.5850E+00   1.0000E+00
    0.010000   1.7500E+02   2.5323E-01   2.9140E+00   1.2930E+00   1.0000E+00
    0.010000   2.0000E+02   2.7597E-01   2.9080E+00   1.0200E+00   1.0000E+00
    0.010000   2.2500E+02   2.7430E-01   2.9020E+00   8.3610E-01   1.0000E+00
    0.010000   2.5000E+02   2.9588E-01   2.9020E+00   7.1930E-01   1.0000E+00
    0.010000   2.7500E+02   3.3860E-01   2.9080E+00   6.4960E-01   1.0000E+00
    0.010000   3.0000E+02   3.4710E-01   2.9160E+00   5.5100E-01   1.0000E+00
    0.010000   3.2500E+02   3.3860E-01   2.9260E+00   4.7680E-01   1.0000E+00
    0.010000   3.5000E+02   3.0935E-01   2.9390E+00   4.3550E-01   1.0000E+00
    0.010000   3.7500E+02   2.8416E-01   2.9500E+00   3.7680E-01   1.0000E+00
    0.010000   4.0000E+02   2.3282E-01   2.9450E+00   2.9200E-01   1.0000E+00
    0.010000   4.2500E+02   2.3630E-01   2.9540E+00   2.7510E-01   1.0000E+00
    0.010000   4.5000E+02   2.2784E-01   2.9560E+00   2.4760E-01   1.0000E+00
    0.010000   4.7500E+02   2.2561E-01   2.9580E+00   2.1570E-01   1.0000E+00
    0.010000   5.0000E+02   2.3731E-01   2.9660E+00   1.9290E-01   1.0000E+00
    0.010000   5.2500E+02   2.4823E-01   2.9680E+00   1.7770E-01   1.0000E+00
    0.010000   5.5000E+02   2.7015E-01   2.9680E+00   1.5480E-01   1.0000E+00
    0.010000   5.7500E+02   2.8909E-01   2.9670E+00   1.3670E-01   1.0000E+00
    0.010000   6.0000E+02   3.0449E-01   2.9700E+00   1.2470E-01   1.0000E+00
    0.010000   6.2500E+02   3.2088E-01   2.9690E+00   1.1280E-01   1.0000E+00
    0.010000   6.5000E+02   3.2920E-01   2.9680E+00   1.0340E-01   1.0000E+00
    0.010000   6.7500E+02   3.3860E-01   2.9690E+00   9.2959E-02   1.0000E+00
    0.010000   7.0000E+02   3.3680E-01   2.9680E+00   8.5131E-02   1.0000E+00
    0.010000   7.2500E+02   3.3250E-01   2.9670E+00   7.7571E-02   1.0000E+00
    0.010000   7.5000E+02   3.2672E-01   2.9650E+00   7.0823E-02   1.0000E+00
    0.010000   7.7500E+02   3.3000E-01   2.9540E+00   6.6826E-02   1.0000E+00
    0.010000   8.0000E+02   3.3780E-01   2.9510E+00   6.4048E-02   1.0000E+00
    0.010000   8.2500E+02   3.3850E-01   2.9410E+00   6.5563E-02   1.0000E+00
    0.010000   8.5000E+02   3.2900E-01   2.9410E+00   6.1931E-02   1.0000E+00
    0.010000   8.7500E+02   3.0524E-01   2.9390E+00   6.1880E-02   1.0000E+00
    0.010000   9.0000E+02   2.8636E-01   2.9400E+00   6.0691E-02   1.0000E+00
    0.010000   9.2500E+02   2.8783E-01   2.9380E+00   5.6495E-02   1.0000E+00
    0.010000   9.5000E+02   2.6105E-01   2.9380E+00   5.6343E-02   1.0000E+00
    0.010000   9.7500E+02   2.6148E-01   2.9380E+00   5.2474E-02   1.0000E+00
    0.010000   1.0000E+03   2.5085E-01   2.9370E+00   5.0265E-02   1.0000E+00
     0.10000   1.0000E+02   3.5370E-01   3.0180E+00   2.4540E+00   1.0000E+00
     0.10000   1.2500E+02   3.4880E-01   2.9760E+00   2.1080E+00   1.0000E+00
     0.10000   1.5000E+02   2.8899E-01   2.9290E+00   1.5850E+00   1.0000E+00
     0.10000   1.7500E+02   2.5327E-01   2.9140E+00   1.2950E+00   1.0000E+00
     0.10000   2.0000E+02   2.7609E-01   2.9080E+00   1.0200E+00   1.0000E+00
     0.10000   2.2500E+02   2.7445E-01   2.9020E+00   8.3670E-01   1.0000E+00
     0.10000   2.5000E+02   2.9629E-01   2.9030E+00   7.1860E-01   1.0000E+00
     0.10000   2.7500E+02   3.4020E-01   2.9080E+00   6.4890E-01   1.0000E+00
     0.10000   3.0000E+02   3.5400E-01   2.9180E+00   5.4900E-01   1.0000E+00
     0.10000   3.2500E+02   3.4880E-01   2.9280E+00   4.7440E-01   1.0000E+00
     0.10000   3.5000E+02   3.2033E-01   2.9400E+00   4.3510E-01   1.0000E+00
     0.10000   3.7500E+02   2.9703E-01   2.9520E+00   3.7850E-01   1.0000E+00
     0.10000   4.0000E+02   2.6496E-01   2.9520E+00   3.1960E-01   1.0000E+00
     0.10000   4.2500E+02   2.4387E-01   2.9510E+00   2.6800E-01   1.0000E+00
     0.10000   4.5000E+02   2.4636E-01   2.9590E+00   2.4990E-01   1.0000E+00
     0.10000   4.7500E+02   2.4869E-01   2.9610E+00   2.2080E-01   1.0000E+00
     0.10000   5.0000E+02   2.6731E-01   2.9700E+00   1.9880E-01   1.0000E+00
     0.10000   5.2500E+02   2.7799E-01   2.9700E+00   1.7950E-01   1.0000E+00
     0.10000   5.5000E+02   3.0316E-01   2.9700E+00   1.5800E-01   1.0000E+00
     0.10000   5.7500E+02   3.3340E-01   2.9700E+00   1.4100E-01   1.0000E+00
     0.10000   6.0000E+02   3.4720E-01   2.9720E+00   1.2750E-01   1.0000E+00
     0.10000   6.2500E+02   3.6070E-01   2.9700E+00   1.1530E-01   1.0000E+00
     0.10000   6.5000E+02   3.6510E-01   2.9690E+00   1.0480E-01   1.0000E+00
     0.10000   6.7500E+02   3.7510E-01   2.9690E+00   9.4178E-02   1.0000E+00
     0.10000   7.0000E+02   3.7430E-01   2.9690E+00   8.6202E-02   1.0000E+00
     0.10000   7.2500E+02   3.7670E-01   2.9690E+00   7.8950E-02   1.0000E+00
     0.10000   7.5000E+02   3.7350E-01   2.9680E+00   7.2420E-02   1.0000E+00
     0.10000   7.7500E+02   3.6760E-01   2.9680E+00   6.6668E-02   1.0000E+00
     0.10000   8.0000E+02   3.6910E-01   2.9620E+00   6.2876E-02   1.0000E+00
     0.10000   8.2500E+02   3.7930E-01   2.9540E+00   6.0547E-02   1.0000E+00
     0.10000   8.5000E+02   3.8150E-01   2.9500E+00   5.7852E-02   1.0000E+00
     0.10000   8.7500E+02   3.7390E-01   2.9480E+00   5.6153E-02   1.0000E+00
     0.10000   9.0000E+02   3.6550E-01   2.9470E+00   5.3991E-02   1.0000E+00
     0.10000   9.2500E+02   3.5500E-01   2.9420E+00   5.1806E-02   1.0000E+00
     0.10000   9.5000E+02   3.4540E-01   2.9430E+00   4.9357E-02   1.0000E+00
     0.10000   9.7500E+02   3.3500E-01   2.9430E+00   4.7133E-02   1.0000E+00
     0.10000   1.0000E+03   3.1860E-01   2.9410E+00   4.6000E-02   1.0000E+00
      1.0000   1.0000E+02   3.5530E-01   3.0180E+00   2.4540E+00   1.0000E+00
      1.0000   1.2500E+02   3.5130E-01   2.9760E+00   2.1040E+00   1.0000E+00
      1.0000   1.5000E+02   2.9144E-01   2.9290E+00   1.5870E+00   1.0000E+00
      1.0000   1.7500E+02   2.5658E-01   2.9140E+00   1.2920E+00   1.0000E+00
      1.0000   2.0000E+02   2.8048E-01   2.9080E+00   1.0200E+00   1.0000E+00
      1.0000   2.2500E+02   2.8608E-01   2.9030E+00   8.3610E-01   1.0000E+00
      1.0000   2.5000E+02   3.1953E-01   2.9030E+00   7.1810E-01   1.0000E+00
      1.0000   2.7500E+02   3.7790E-01   2.9090E+00   6.4850E-01   1.0000E+00
      1.0000   3.0000E+02   4.0060E-01   2.9180E+00   5.5000E-01   1.0000E+00
      1.0000   3.2500E+02   3.8990E-01   2.9290E+00   4.7610E-01   1.0000E+00
      1.0000   3.5000E+02   3.5540E-01   2.9410E+00   4.3680E-01   1.0000E+00
      1.0000   3.7500E+02   3.3230E-01   2.9520E+00   3.7780E-01   1.0000E+00
      1.0000   4.0000E+02   3.1106E-01   2.9570E+00   3.3030E-01   1.0000E+00
      1.0000   4.2500E+02   3.0059E-01   2.9630E+00   2.8800E-01   1.0000E+00
      1.0000   4.5000E+02   2.9849E-01   2.9670E+00   2.6200E-01   1.0000E+00
      1.0000   4.7500E+02   3.0470E-01   2.9670E+00   2.2940E-01   1.0000E+00
      1.0000   5.0000E+02   3.2520E-01   2.9750E+00   2.0590E-01   1.0000E+00
      1.0000   5.2500E+02   3.3800E-01   2.9740E+00   1.8520E-01   1.0000E+00
      1.0000   5.5000E+02   3.8040E-01   2.9770E+00   1.6600E-01   1.0000E+00
      1.0000   5.7500E+02   4.1680E-01   2.9760E+00   1.4750E-01   1.0000E+00
      1.0000   6.0000E+02   4.3230E-01   2.9770E+00   1.3330E-01   1.0000E+00
      1.0000   6.2500E+02   4.5590E-01   2.9770E+00   1.2100E-01   1.0000E+00
      1.0000   6.5000E+02   4.6560E-01   2.9760E+00   1.1070E-01   1.0000E+00
      1.0000   6.7500E+02   4.7520E-01   2.9760E+00   9.9103E-02   1.0000E+00
      1.0000   7.0000E+02   4.7230E-01   2.9760E+00   9.0830E-02   1.0000E+00
      1.0000   7.2500E+02   4.7590E-01   2.9760E+00   8.3335E-02   1.0000E+00
      1.0000   7.5000E+02   4.6990E-01   2.9770E+00   7.6585E-02   1.0000E+00
      1.0000   7.7500E+02   4.6860E-01   2.9770E+00   7.0846E-02   1.0000E+00
      1.0000   8.0000E+02   4.6270E-01   2.9750E+00   6.5596E-02   1.0000E+00
      1.0000   8.2500E+02   4.7520E-01   2.9680E+00   6.2884E-02   1.0000E+00
      1.0000   8.5000E+02   4.8460E-01   2.9640E+00   6.0353E-02   1.0000E+00
      1.0000   8.7500E+02   4.7650E-01   2.9620E+00   5.7689E-02   1.0000E+00
      1.0000   9.0000E+02   4.7580E-01   2.9610E+00   5.5947E-02   1.0000E+00
      1.0000   9.2500E+02   4.7040E-01   2.9580E+00   5.3429E-02   1.0000E+00
      1.0000   9.5000E+02   4.5840E-01   2.9590E+00   5.0294E-02   1.0000E+00
      1.0000   9.7500E+02   4.4790E-01   2.9580E+00   4.8306E-02   1.0000E+00
      1.0000   1.0000E+03   4.3600E-01   2.9570E+00   4.6389E-02   1.0000E+00
      5.0000   1.0000E+02   3.8240E-01   3.0190E+00   2.4610E+00   1.0000E+00
      5.0000   1.2500E+02   3.8770E-01   2.9770E+00   2.1070E+00   1.0000E+00
      5.0000   1.5000E+02   3.2583E-01   2.9300E+00   1.5910E+00   1.0000E+00
      5.0000   1.7500E+02   2.9525E-01   2.9150E+00   1.3000E+00   1.0000E+00
      5.0000   2.0000E+02   3.3760E-01   2.9090E+00   1.0250E+00   1.0000E+00
      5.0000   2.2500E+02   3.5810E-01   2.9040E+00   8.4090E-01   1.0000E+00
      5.0000   2.5000E+02   4.0670E-01   2.9050E+00   7.2530E-01   1.0000E+00
      5.0000   2.7500E+02   4.7620E-01   2.9120E+00   6.5590E-01   1.0000E+00
      5.0000   3.0000E+02   4.8480E-01   2.9230E+00   5.5930E-01   1.0000E+00
      5.0000   3.2500E+02   4.7300E-01   2.9360E+00   4.8960E-01   1.0000E+00
      5.0000   3.5000E+02   4.2940E-01   2.9480E+00   4.5200E-01   1.0000E+00
      5.0000   3.7500E+02   4.0010E-01   2.9560E+00   3.8890E-01   1.0000E+00
      5.0000   4.0000E+02   4.0360E-01   2.9690E+00   3.5780E-01   1.0000E+00
      5.0000   4.2500E+02   3.9680E-01   2.9750E+00   3.1520E-01   1.0000E+00
      5.0000   4.5000E+02   4.0250E-01   2.9790E+00   2.8640E-01   1.0000E+00
      5.0000   4.7500E+02   4.3360E-01   2.9820E+00   2.5690E-01   1.0000E+00
      5.0000   5.0000E+02   4.7110E-01   2.9880E+00   2.2940E-01   1.0000E+00
      5.0000   5.2500E+02   5.0640E-01   2.9910E+00   2.0940E-01   1.0000E+00
      5.0000   5.5000E+02   5.7390E-01   2.9890E+00   1.8800E-01   1.0000E+00
      5.0000   5.7500E+02   6.3440E-01   2.9890E+00   1.6950E-01   1.0000E+00
      5.0000   6.0000E+02   6.6430E-01   2.9910E+00   1.5450E-01   1.0000E+00
      5.0000   6.2500E+02   7.0720E-01   2.9890E+00   1.4130E-01   1.0000E+00
      5.0000   6.5000E+02   7.2290E-01   2.9910E+00   1.2870E-01   1.0000E+00
      5.0000   6.7500E+02   7.5030E-01   2.9920E+00   1.1730E-01   1.0000E+00
      5.0000   7.0000E+02   7.4960E-01   2.9940E+00   1.0860E-01   1.0000E+00
      5.0000   7.2500E+02   7.4850E-01   2.9930E+00   9.9856E-02   1.0000E+00
      5.0000   7.5000E+02   7.4730E-01   2.9980E+00   9.3222E-02   1.0000E+00
      5.0000   7.7500E+02   7.4520E-01   2.9990E+00   8.6761E-02   1.0000E+00
      5.0000   8.0000E+02   7.4130E-01   3.0020E+00   8.1376E-02   1.0000E+00
      5.0000   8.2500E+02   7.4340E-01   3.0010E+00   7.6701E-02   1.0000E+00
      5.0000   8.5000E+02   7.5480E-01   2.9980E+00   7.3571E-02   1.0000E+00
      5.0000   8.7500E+02   7.5060E-01   2.9980E+00   7.1269E-02   1.0000E+00
      5.0000   9.0000E+02   7.5580E-01   3.0000E+00   6.8078E-02   1.0000E+00
      5.0000   9.2500E+02   7.6090E-01   2.9970E+00   6.5122E-02   1.0000E+00
      5.0000   9.5000E+02   7.4960E-01   2.9990E+00   6.3124E-02   1.0000E+00
      5.0000   9.7500E+02   7.3390E-01   2.9990E+00   6.2298E-02   1.0000E+00
      5.0000   1.0000E+03   7.2910E-01   3.0010E+00   5.8722E-02   1.0000E+00
      10.000   1.0000E+02   4.2850E-01   3.0220E+00   2.4730E+00   1.0000E+00
      10.000   1.2500E+02   4.4230E-01   2.9780E+00   2.1220E+00   1.0000E+00
      10.000   1.5000E+02   3.7530E-01   2.9310E+00   1.6000E+00   1.0000E+00
      10.000   1.7500E+02   3.4650E-01   2.9160E+00   1.3040E+00   1.0000E+00
      10.000   2.0000E+02   4.0260E-01   2.9100E+00   1.0320E+00   1.0000E+00
      10.000   2.2500E+02   4.2720E-01   2.9050E+00   8.4770E-01   1.0000E+00
      10.000   2.5000E+02   4.8810E-01   2.9060E+00   7.3450E-01   1.0000E+00
      10.000   2.7500E+02   5.6840E-01   2.9150E+00   6.6920E-01   1.0000E+00
      10.000   3.0000E+02   5.7270E-01   2.9280E+00   5.7740E-01   1.0000E+00
      10.000   3.2500E+02   5.5790E-01   2.9420E+00   5.1530E-01   1.0000E+00
      10.000   3.5000E+02   5.0690E-01   2.9580E+00   4.9460E-01   1.0000E+00
      10.000   3.7500E+02   5.0520E-01   2.9710E+00   4.5020E-01   1.0000E+00
      10.000   4.0000E+02   5.0150E-01   2.9780E+00   4.1100E-01   1.0000E+00
      10.000   4.2500E+02   4.9830E-01   2.9830E+00   3.6830E-01   1.0000E+00
      10.000   4.5000E+02   5.1400E-01   2.9860E+00   3.3700E-01   1.0000E+00
      10.000   4.7500E+02   5.7090E-01   2.9920E+00   3.0660E-01   1.0000E+00
      10.000   5.0000E+02   6.2800E-01   2.9960E+00   2.7750E-01   1.0000E+00
      10.000   5.2500E+02   6.8130E-01   2.9980E+00   2.5620E-01   1.0000E+00
      10.000   5.5000E+02   7.8340E-01   2.9980E+00   2.3410E-01   1.0000E+00
      10.000   5.7500E+02   8.6660E-01   2.9980E+00   2.1260E-01   1.0000E+00
      10.000   6.0000E+02   9.0260E-01   2.9990E+00   1.9610E-01   1.0000E+00
      10.000   6.2500E+02   9.7700E-01   3.0000E+00   1.8210E-01   1.0000E+00
      10.000   6.5000E+02   9.9070E-01   3.0000E+00   1.6560E-01   1.0000E+00
      10.000   6.7500E+02   1.0311E+00   3.0020E+00   1.5340E-01   1.0000E+00
      10.000   7.0000E+02   1.0320E+00   3.0060E+00   1.4370E-01   1.0000E+00
      10.000   7.2500E+02   1.0342E+00   3.0090E+00   1.3440E-01   1.0000E+00
      10.000   7.5000E+02   1.0234E+00   3.0130E+00   1.2680E-01   1.0000E+00
      10.000   7.7500E+02   1.0221E+00   3.0170E+00   1.1960E-01   1.0000E+00
      10.000   8.0000E+02   1.0113E+00   3.0200E+00   1.1320E-01   1.0000E+00
      10.000   8.2500E+02   1.0088E+00   3.0240E+00   1.0760E-01   1.0000E+00
      10.000   8.5000E+02   1.0109E+00   3.0240E+00   1.0390E-01   1.0000E+00
      10.000   8.7500E+02   9.9500E-01   3.0260E+00   1.0110E-01   1.0000E+00
      10.000   9.0000E+02   1.0142E+00   3.0260E+00   9.9275E-02   1.0000E+00
      10.000   9.2500E+02   1.0156E+00   3.0250E+00   9.4719E-02   1.0000E+00
      10.000   9.5000E+02   1.0087E+00   3.0270E+00   9.3220E-02   1.0000E+00
      10.000   9.7500E+02   1.0070E+00   3.0300E+00   9.0800E-02   1.0000E+00
      10.000   1.0000E+03   9.8980E-01   3.0330E+00   8.8943E-02   1.0000E+00
      16.000   1.0000E+02   4.8110E-01   3.0240E+00   2.4670E+00   1.0000E+00
      16.000   1.2500E+02   5.0010E-01   2.9800E+00   2.1240E+00   1.0000E+00
      16.000   1.5000E+02   4.2690E-01   2.9320E+00   1.6090E+00   1.0000E+00
      16.000   1.7500E+02   3.9740E-01   2.9170E+00   1.3100E+00   1.0000E+00
      16.000   2.0000E+02   4.6490E-01   2.9110E+00   1.0410E+00   1.0000E+00
      16.000   2.2500E+02   4.9280E-01   2.9060E+00   8.5570E-01   1.0000E+00
      16.000   2.5000E+02   5.5950E-01   2.9080E+00   7.4780E-01   1.0000E+00
      16.000   2.7500E+02   6.5190E-01   2.9180E+00   6.8830E-01   1.0000E+00
      16.000   3.0000E+02   6.5090E-01   2.9320E+00   6.0490E-01   1.0000E+00
      16.000   3.2500E+02   6.3670E-01   2.9470E+00   5.5720E-01   1.0000E+00
      16.000   3.5000E+02   5.7820E-01   2.9610E+00   5.5570E-01   1.0000E+00
      16.000   3.7500E+02   5.8860E-01   2.9810E+00   5.3090E-01   1.0000E+00
      16.000   4.0000E+02   5.9020E-01   2.9830E+00   4.9430E-01   1.0000E+00
      16.000   4.2500E+02   5.9400E-01   2.9870E+00   4.5660E-01   1.0000E+00
      16.000   4.5000E+02   6.2860E-01   2.9930E+00   4.2660E-01   1.0000E+00
      16.000   4.7500E+02   7.0670E-01   2.9980E+00   3.9240E-01   1.0000E+00
      16.000   5.0000E+02   7.9290E-01   3.0010E+00   3.6190E-01   1.0000E+00
      16.000   5.2500E+02   8.6040E-01   3.0020E+00   3.3790E-01   1.0000E+00
      16.000   5.5000E+02   9.8580E-01   3.0040E+00   3.1320E-01   1.0000E+00
      16.000   5.7500E+02   1.0983E+00   3.0040E+00   2.8940E-01   1.0000E+00
      16.000   6.0000E+02   1.1276E+00   3.0030E+00   2.7410E-01   1.0000E+00
      16.000   6.2500E+02   1.2235E+00   3.0060E+00   2.5250E-01   1.0000E+00
      16.000   6.5000E+02   1.2509E+00   3.0090E+00   2.3230E-01   1.0000E+00
      16.000   6.7500E+02   1.2998E+00   3.0120E+00   2.1860E-01   1.0000E+00
      16.000   7.0000E+02   1.2962E+00   3.0160E+00   2.0770E-01   1.0000E+00
      16.000   7.2500E+02   1.2975E+00   3.0190E+00   1.9760E-01   1.0000E+00
      16.000   7.5000E+02   1.2809E+00   3.0260E+00   1.8850E-01   1.0000E+00
      16.000   7.7500E+02   1.2793E+00   3.0300E+00   1.8020E-01   1.0000E+00
      16.000   8.0000E+02   1.2691E+00   3.0350E+00   1.7330E-01   1.0000E+00
      16.000   8.2500E+02   1.2619E+00   3.0400E+00   1.6660E-01   1.0000E+00
      16.000   8.5000E+02   1.2511E+00   3.0460E+00   1.6210E-01   1.0000E+00
      16.000   8.7500E+02   1.2243E+00   3.0500E+00   1.5910E-01   1.0000E+00
      16.000   9.0000E+02   1.2414E+00   3.0510E+00   1.5780E-01   1.0000E+00
      16.000   9.2500E+02   1.2593E+00   3.0480E+00   1.5440E-01   1.0000E+00
      16.000   9.5000E+02   1.2499E+00   3.0510E+00   1.5330E-01   1.0000E+00
      16.000   9.7500E+02   1.2381E+00   3.0520E+00   1.5490E-01   1.0000E+00
      16.000   1.0000E+03   1.2219E+00   3.0590E+00   1.5020E-01   1.0000E+00
      32.000   1.0000E+02   5.9880E-01   3.0310E+00   2.4750E+00   1.0000E+00
      32.000   1.2500E+02   6.2170E-01   2.9840E+00   2.1300E+00   1.0000E+00
      32.000   1.5000E+02   5.3600E-01   2.9350E+00   1.6360E+00   1.0000E+00
      32.000   1.7500E+02   5.0160E-01   2.9190E+00   1.3240E+00   1.0000E+00
      32.000   2.0000E+02   5.8400E-01   2.9120E+00   1.0650E+00   1.0000E+00
      32.000   2.2500E+02   6.1190E-01   2.9060E+00   8.8250E-01   1.0000E+00
      32.000   2.5000E+02   6.8750E-01   2.9090E+00   7.9320E-01   1.0000E+00
      32.000   2.7500E+02   7.9360E-01   2.9210E+00   7.5570E-01   1.0000E+00
      32.000   3.0000E+02   7.8260E-01   2.9350E+00   7.0490E-01   1.0000E+00
      32.000   3.2500E+02   7.7370E-01   2.9510E+00   7.1050E-01   1.0000E+00
      32.000   3.5000E+02   7.1380E-01   2.9650E+00   7.8750E-01   1.0000E+00
      32.000   3.7500E+02   7.2370E-01   2.9820E+00   8.2770E-01   1.0000E+00
      32.000   4.0000E+02   7.4690E-01   2.9870E+00   8.3300E-01   1.0000E+00
      32.000   4.2500E+02   7.7840E-01   2.9930E+00   8.1690E-01   1.0000E+00
      32.000   4.5000E+02   8.3590E-01   2.9980E+00   7.9160E-01   1.0000E+00
      32.000   4.7500E+02   9.6640E-01   3.0020E+00   7.4140E-01   1.0000E+00
      32.000   5.0000E+02   1.1155E+00   3.0080E+00   7.1050E-01   1.0000E+00
      32.000   5.2500E+02   1.2095E+00   3.0080E+00   6.8440E-01   1.0000E+00
      32.000   5.5000E+02   1.3714E+00   3.0110E+00   6.5260E-01   1.0000E+00
      32.000   5.7500E+02   1.5288E+00   3.0140E+00   6.1990E-01   1.0000E+00
      32.000   6.0000E+02   1.5980E+00   3.0170E+00   5.9490E-01   1.0000E+00
      32.000   6.2500E+02   1.6872E+00   3.0180E+00   5.6200E-01   1.0000E+00
      32.000   6.5000E+02   1.7092E+00   3.0210E+00   5.4200E-01   1.0000E+00
      32.000   6.7500E+02   1.7999E+00   3.0320E+00   5.1590E-01   1.0000E+00
      32.000   7.0000E+02   1.7988E+00   3.0370E+00   5.0110E-01   1.0000E+00
      32.000   7.2500E+02   1.8008E+00   3.0440E+00   4.8980E-01   1.0000E+00
      32.000   7.5000E+02   1.7696E+00   3.0520E+00   4.7860E-01   1.0000E+00
      32.000   7.7500E+02   1.7646E+00   3.0570E+00   4.6700E-01   1.0000E+00
      32.000   8.0000E+02   1.7508E+00   3.0650E+00   4.5770E-01   1.0000E+00
      32.000   8.2500E+02   1.7399E+00   3.0710E+00   4.4960E-01   1.0000E+00
      32.000   8.5000E+02   1.7235E+00   3.0780E+00   4.5090E-01   1.0000E+00
      32.000   8.7500E+02   1.6809E+00   3.0860E+00   4.4960E-01   1.0000E+00
      32.000   9.0000E+02   1.7053E+00   3.0880E+00   4.5590E-01   1.0000E+00
      32.000   9.2500E+02   1.7308E+00   3.0880E+00   4.5090E-01   1.0000E+00
      32.000   9.5000E+02   1.7127E+00   3.0930E+00   4.5470E-01   1.0000E+00
      32.000   9.7500E+02   1.6806E+00   3.0930E+00   4.8890E-01   1.0000E+00
      32.000   1.0000E+03   1.6545E+00   3.1060E+00   4.6350E-01   1.0000E+00
      63.000   1.0000E+02   7.6340E-01   3.0400E+00   2.4960E+00   1.0000E+00
      63.000   1.2500E+02   7.8520E-01   2.9910E+00   2.1500E+00   1.0000E+00
      63.000   1.5000E+02   6.8420E-01   2.9410E+00   1.6760E+00   1.0000E+00
      63.000   1.7500E+02   6.4020E-01   2.9220E+00   1.3550E+00   1.0000E+00
      63.000   2.0000E+02   7.2380E-01   2.9140E+00   1.1110E+00   1.0000E+00
      63.000   2.2500E+02   7.3850E-01   2.9070E+00   9.4330E-01   1.0000E+00
      63.000   2.5000E+02   8.1580E-01   2.9080E+00   9.0660E-01   1.0000E+00
      63.000   2.7500E+02   9.3040E-01   2.9220E+00   9.4250E-01   1.0000E+00
      63.000   3.0000E+02   9.1840E-01   2.9390E+00   1.0040E+00   1.0000E+00
      63.000   3.2500E+02   9.1100E-01   2.9520E+00   1.1500E+00   1.0000E+00
      63.000   3.5000E+02   8.5570E-01   2.9650E+00   1.4330E+00   1.0000E+00
      63.000   3.7500E+02   8.7990E-01   2.9800E+00   1.6910E+00   1.0000E+00
      63.000   4.0000E+02   9.1230E-01   2.9900E+00   1.8260E+00   1.0000E+00
      63.000   4.2500E+02   9.7590E-01   2.9940E+00   1.8900E+00   1.0000E+00
      63.000   4.5000E+02   1.0709E+00   2.9990E+00   1.8860E+00   1.0000E+00
      63.000   4.7500E+02   1.2676E+00   3.0020E+00   1.8370E+00   1.0000E+00
      63.000   5.0000E+02   1.4744E+00   3.0080E+00   1.8150E+00   1.0000E+00
      63.000   5.2500E+02   1.5934E+00   3.0090E+00   1.7980E+00   1.0000E+00
      63.000   5.5000E+02   1.7916E+00   3.0160E+00   1.7490E+00   1.0000E+00
      63.000   5.7500E+02   1.9785E+00   3.0230E+00   1.6790E+00   1.0000E+00
      63.000   6.0000E+02   2.0727E+00   3.0260E+00   1.6580E+00   1.0000E+00
      63.000   6.2500E+02   2.1819E+00   3.0330E+00   1.5770E+00   1.0000E+00
      63.000   6.5000E+02   2.2432E+00   3.0430E+00   1.5360E+00   1.0000E+00
      63.000   6.7500E+02   2.3185E+00   3.0530E+00   1.5290E+00   1.0000E+00
      63.000   7.0000E+02   2.3241E+00   3.0620E+00   1.5200E+00   1.0000E+00
      63.000   7.2500E+02   2.3253E+00   3.0690E+00   1.5150E+00   1.0000E+00
      63.000   7.5000E+02   2.2958E+00   3.0810E+00   1.5050E+00   1.0000E+00
      63.000   7.7500E+02   2.2968E+00   3.0900E+00   1.4960E+00   1.0000E+00
      63.000   8.0000E+02   2.2767E+00   3.0990E+00   1.4860E+00   1.0000E+00
      63.000   8.2500E+02   2.2622E+00   3.1060E+00   1.4780E+00   1.0000E+00
      63.000   8.5000E+02   2.1952E+00   3.1070E+00   1.6640E+00   1.0000E+00
      63.000   8.7500E+02   2.2351E+00   3.1200E+00   1.5410E+00   1.0000E+00
      63.000   9.0000E+02   2.2358E+00   3.1330E+00   1.5910E+00   1.0000E+00
      63.000   9.2500E+02   2.2650E+00   3.1340E+00   1.5510E+00   1.0000E+00
      63.000   9.5000E+02   2.1769E+00   3.1430E+00   1.5990E+00   1.0000E+00
      63.000   9.7500E+02   2.0633E+00   3.1540E+00   1.6340E+00   1.0000E+00
      63.000   1.0000E+03   1.8548E+00   3.1670E+00   1.6970E+00   1.0000E+00
      100.00   1.0000E+02   8.9970E-01   3.0490E+00   2.5120E+00   1.0000E+00
      100.00   1.2500E+02   9.1760E-01   2.9980E+00   2.1750E+00   1.0000E+00
      100.00   1.5000E+02   8.1340E-01   2.9460E+00   1.7310E+00   1.0000E+00
      100.00   1.7500E+02   7.5970E-01   2.9260E+00   1.3930E+00   1.0000E+00
      100.00   2.0000E+02   8.2510E-01   2.9160E+00   1.1660E+00   1.0000E+00
      100.00   2.2500E+02   8.1740E-01   2.9070E+00   1.0270E+00   1.0000E+00
      100.00   2.5000E+02   8.9380E-01   2.9080E+00   1.0830E+00   1.0000E+00
      100.00   2.7500E+02   1.0084E+00   2.9200E+00   1.2410E+00   1.0000E+00
      100.00   3.0000E+02   9.9350E-01   2.9380E+00   1.4900E+00   1.0000E+00
      100.00   3.2500E+02   9.8460E-01   2.9520E+00   1.8620E+00   1.0000E+00
      100.00   3.5000E+02   9.4060E-01   2.9620E+00   2.4260E+00   1.0000E+00
      100.00   3.7500E+02   9.7000E-01   2.9760E+00   2.9840E+00   1.0000E+00
      100.00   4.0000E+02   1.0100E+00   2.9840E+00   3.2910E+00   1.0000E+00
      100.00   4.2500E+02   1.0929E+00   2.9890E+00   3.5030E+00   1.0000E+00
      100.00   4.5000E+02   1.2145E+00   2.9930E+00   3.5470E+00   1.0000E+00
      100.00   4.7500E+02   1.4480E+00   2.9960E+00   3.5100E+00   1.0000E+00
      100.00   5.0000E+02   1.7055E+00   3.0030E+00   3.4960E+00   1.0000E+00
      100.00   5.2500E+02   1.8623E+00   3.0110E+00   3.4660E+00   1.0000E+00
      100.00   5.5000E+02   2.0468E+00   3.0180E+00   3.4020E+00   1.0000E+00
      100.00   5.7500E+02   2.2471E+00   3.0270E+00   3.3050E+00   1.0000E+00
      100.00   6.0000E+02   2.3755E+00   3.0340E+00   3.3180E+00   1.0000E+00
      100.00   6.2500E+02   2.4816E+00   3.0430E+00   3.1800E+00   1.0000E+00
      100.00   6.5000E+02   2.5604E+00   3.0550E+00   3.1420E+00   1.0000E+00
      100.00   6.7500E+02   2.6454E+00   3.0690E+00   3.1370E+00   1.0000E+00
      100.00   7.0000E+02   2.6339E+00   3.0760E+00   3.1740E+00   1.0000E+00
      100.00   7.2500E+02   2.6844E+00   3.0940E+00   3.1260E+00   1.0000E+00
      100.00   7.5000E+02   2.6373E+00   3.1050E+00   3.1530E+00   1.0000E+00
      100.00   7.7500E+02   2.6397E+00   3.1160E+00   3.1130E+00   1.0000E+00
      100.00   8.0000E+02   2.6198E+00   3.1250E+00   3.1100E+00   1.0000E+00
      100.00   8.2500E+02   2.6176E+00   3.1360E+00   3.0970E+00   1.0000E+00
      100.00   8.5000E+02   2.5690E+00   3.1420E+00   3.3300E+00   1.0000E+00
      100.00   8.7500E+02   2.5028E+00   3.1480E+00   3.4250E+00   1.0000E+00
      100.00   9.0000E+02   2.5963E+00   3.1660E+00   3.3430E+00   1.0000E+00
      100.00   9.2500E+02   2.4582E+00   3.1730E+00   3.3820E+00   1.0000E+00
      100.00   9.5000E+02   2.1639E+00   3.1850E+00   3.5270E+00   1.0000E+00
      100.00   9.7500E+02   1.8456E+00   3.2030E+00   3.6550E+00   1.0000E+00
      100.00   1.0000E+03   1.5843E+00   3.2160E+00   3.8830E+00   1.0000E+00
      126.00   1.0000E+02   9.7180E-01   3.0540E+00   2.5260E+00   1.0000E+00
      126.00   1.2500E+02   9.8750E-01   3.0020E+00   2.1920E+00   1.0000E+00
      126.00   1.5000E+02   8.7830E-01   2.9490E+00   1.7530E+00   1.0000E+00
      126.00   1.7500E+02   8.2280E-01   2.9280E+00   1.4180E+00   1.0000E+00
      126.00   2.0000E+02   8.7520E-01   2.9170E+00   1.2090E+00   1.0000E+00
      126.00   2.2500E+02   8.5390E-01   2.9080E+00   1.0970E+00   1.0000E+00
      126.00   2.5000E+02   9.2620E-01   2.9080E+00   1.2270E+00   1.0000E+00
      126.00   2.7500E+02   1.0401E+00   2.9190E+00   1.4900E+00   1.0000E+00
      126.00   3.0000E+02   1.0167E+00   2.9350E+00   1.8850E+00   1.0000E+00
      126.00   3.2500E+02   1.0151E+00   2.9510E+00   2.4520E+00   1.0000E+00
      126.00   3.5000E+02   9.7160E-01   2.9600E+00   3.1890E+00   1.0000E+00
      126.00   3.7500E+02   1.0067E+00   2.9730E+00   3.9390E+00   1.0000E+00
      126.00   4.0000E+02   1.0504E+00   2.9790E+00   4.3510E+00   1.0000E+00
      126.00   4.2500E+02   1.1351E+00   2.9840E+00   4.6430E+00   1.0000E+00
      126.00   4.5000E+02   1.2730E+00   2.9890E+00   4.7150E+00   1.0000E+00
      126.00   4.7500E+02   1.5277E+00   2.9940E+00   4.7110E+00   1.0000E+00
      126.00   5.0000E+02   1.8001E+00   3.0020E+00   4.7080E+00   1.0000E+00
      126.00   5.2500E+02   1.9642E+00   3.0080E+00   4.6780E+00   1.0000E+00
      126.00   5.5000E+02   2.1439E+00   3.0180E+00   4.6180E+00   1.0000E+00
      126.00   5.7500E+02   2.3646E+00   3.0320E+00   4.4790E+00   1.0000E+00
      126.00   6.0000E+02   2.5172E+00   3.0410E+00   4.4720E+00   1.0000E+00
      126.00   6.2500E+02   2.6216E+00   3.0510E+00   4.3480E+00   1.0000E+00
      126.00   6.5000E+02   2.7017E+00   3.0620E+00   4.3190E+00   1.0000E+00
      126.00   6.7500E+02   2.7804E+00   3.0800E+00   4.3060E+00   1.0000E+00
      126.00   7.0000E+02   2.7930E+00   3.0910E+00   4.3310E+00   1.0000E+00
      126.00   7.2500E+02   2.7927E+00   3.1010E+00   4.3120E+00   1.0000E+00
      126.00   7.5000E+02   2.7691E+00   3.1160E+00   4.2930E+00   1.0000E+00
      126.00   7.7500E+02   2.7616E+00   3.1250E+00   4.3060E+00   1.0000E+00
      126.00   8.0000E+02   2.7536E+00   3.1380E+00   4.3220E+00   1.0000E+00
      126.00   8.2500E+02   2.7573E+00   3.1500E+00   4.3220E+00   1.0000E+00
      126.00   8.5000E+02   2.7491E+00   3.1620E+00   4.3890E+00   1.0000E+00
      126.00   8.7500E+02   2.6910E+00   3.1710E+00   4.4760E+00   1.0000E+00
      126.00   9.0000E+02   2.7437E+00   3.1810E+00   4.5810E+00   1.0000E+00
      126.00   9.2500E+02   2.6791E+00   3.1890E+00   4.6560E+00   1.0000E+00
      126.00   9.5000E+02   2.6713E+00   3.1950E+00   4.6920E+00   1.0000E+00
      126.00   9.7500E+02   2.1081E+00   3.2210E+00   4.9560E+00   1.0000E+00
      126.00   1.0000E+03   1.6177E+00   3.2420E+00   5.2550E+00   1.0000E+00
      160.00   1.0000E+02   1.0476E+00   3.0600E+00   2.5420E+00   1.0000E+00
      160.00   1.2500E+02   1.0618E+00   3.0070E+00   2.2220E+00   1.0000E+00
      160.00   1.5000E+02   9.5250E-01   2.9520E+00   1.7940E+00   1.0000E+00
      160.00   1.7500E+02   8.9390E-01   2.9300E+00   1.4580E+00   1.0000E+00
      160.00   2.0000E+02   9.2500E-01   2.9190E+00   1.2700E+00   1.0000E+00
      160.00   2.2500E+02   8.8400E-01   2.9080E+00   1.1920E+00   1.0000E+00
      160.00   2.5000E+02   9.5290E-01   2.9070E+00   1.4350E+00   1.0000E+00
      160.00   2.7500E+02   1.0660E+00   2.9180E+00   1.8530E+00   1.0000E+00
      160.00   3.0000E+02   1.0360E+00   2.9320E+00   2.4620E+00   1.0000E+00
      160.00   3.2500E+02   1.0341E+00   2.9470E+00   3.2660E+00   1.0000E+00
      160.00   3.5000E+02   9.9860E-01   2.9560E+00   4.2200E+00   1.0000E+00
      160.00   3.7500E+02   1.0337E+00   2.9680E+00   5.1540E+00   1.0000E+00
      160.00   4.0000E+02   1.0830E+00   2.9760E+00   5.6590E+00   1.0000E+00
      160.00   4.2500E+02   1.1720E+00   2.9790E+00   6.0450E+00   1.0000E+00
      160.00   4.5000E+02   1.3216E+00   2.9840E+00   6.1550E+00   1.0000E+00
      160.00   4.7500E+02   1.6056E+00   2.9910E+00   6.1850E+00   1.0000E+00
      160.00   5.0000E+02   1.8842E+00   2.9980E+00   6.1930E+00   1.0000E+00
      160.00   5.2500E+02   2.0483E+00   3.0050E+00   6.1680E+00   1.0000E+00
      160.00   5.5000E+02   2.2485E+00   3.0210E+00   6.0970E+00   1.0000E+00
      160.00   5.7500E+02   2.4532E+00   3.0340E+00   5.9070E+00   1.0000E+00
      160.00   6.0000E+02   2.6176E+00   3.0430E+00   5.8860E+00   1.0000E+00
      160.00   6.2500E+02   2.7319E+00   3.0580E+00   5.7860E+00   1.0000E+00
      160.00   6.5000E+02   2.8180E+00   3.0710E+00   5.7250E+00   1.0000E+00
      160.00   6.7500E+02   2.8859E+00   3.0890E+00   5.7590E+00   1.0000E+00
      160.00   7.0000E+02   2.8803E+00   3.0970E+00   5.8010E+00   1.0000E+00
      160.00   7.2500E+02   2.8969E+00   3.1100E+00   5.8240E+00   1.0000E+00
      160.00   7.5000E+02   2.8740E+00   3.1270E+00   5.8030E+00   1.0000E+00
      160.00   7.7500E+02   2.8799E+00   3.1380E+00   5.8000E+00   1.0000E+00
      160.00   8.0000E+02   2.8766E+00   3.1520E+00   5.8070E+00   1.0000E+00
      160.00   8.2500E+02   2.8858E+00   3.1650E+00   5.8050E+00   1.0000E+00
      160.00   8.5000E+02   2.8756E+00   3.1760E+00   5.9010E+00   1.0000E+00
      160.00   8.7500E+02   2.8248E+00   3.1880E+00   5.9440E+00   1.0000E+00
      160.00   9.0000E+02   2.8791E+00   3.1980E+00   6.1320E+00   1.0000E+00
      160.00   9.2500E+02   2.8861E+00   3.2040E+00   6.1340E+00   1.0000E+00
      160.00   9.5000E+02   2.6943E+00   3.2200E+00   6.3040E+00   1.0000E+00
      160.00   9.7500E+02   2.3322E+00   3.2390E+00   6.5440E+00   1.0000E+00
      160.00   1.0000E+03   1.8282E+00   3.2600E+00   6.8090E+00   1.0000E+00
      316.00   1.0000E+02   1.2440E+00   3.0790E+00   2.6140E+00   1.0000E+00
      316.00   1.2500E+02   1.2589E+00   3.0230E+00   2.3440E+00   1.0000E+00
      316.00   1.5000E+02   1.1490E+00   2.9640E+00   1.9740E+00   1.0000E+00
      316.00   1.7500E+02   1.1019E+00   2.9410E+00   1.7140E+00   1.0000E+00
      316.00   2.0000E+02   1.0410E+00   2.9250E+00   1.5990E+00   1.0000E+00
      316.00   2.2500E+02   9.3640E-01   2.9100E+00   1.7430E+00   1.0000E+00
      316.00   2.5000E+02   9.7930E-01   2.9050E+00   2.5670E+00   1.0000E+00
      316.00   2.7500E+02   1.0890E+00   2.9110E+00   3.7500E+00   1.0000E+00
      316.00   3.0000E+02   1.0511E+00   2.9220E+00   5.2330E+00   1.0000E+00
      316.00   3.2500E+02   1.0398E+00   2.9330E+00   6.7590E+00   1.0000E+00
      316.00   3.5000E+02   1.0243E+00   2.9420E+00   8.1720E+00   1.0000E+00
      316.00   3.7500E+02   1.0578E+00   2.9550E+00   9.4050E+00   1.0000E+00
      316.00   4.0000E+02   1.1089E+00   2.9610E+00   1.0180E+01   1.0000E+00
      316.00   4.2500E+02   1.2160E+00   2.9650E+00   1.0820E+01   1.0000E+00
      316.00   4.5000E+02   1.4033E+00   2.9720E+00   1.1100E+01   1.0000E+00
      316.00   4.7500E+02   1.7028E+00   2.9830E+00   1.1160E+01   1.0000E+00
      316.00   5.0000E+02   1.9881E+00   2.9950E+00   1.1120E+01   1.0000E+00
      316.00   5.2500E+02   2.1708E+00   3.0070E+00   1.1070E+01   1.0000E+00
      316.00   5.5000E+02   2.3388E+00   3.0290E+00   1.1010E+01   1.0000E+00
      316.00   5.7500E+02   2.5459E+00   3.0500E+00   1.0860E+01   1.0000E+00
      316.00   6.0000E+02   2.7218E+00   3.0640E+00   1.0820E+01   1.0000E+00
      316.00   6.2500E+02   2.8360E+00   3.0830E+00   1.0710E+01   1.0000E+00
      316.00   6.5000E+02   2.9360E+00   3.1000E+00   1.0730E+01   1.0000E+00
      316.00   6.7500E+02   3.0020E+00   3.1200E+00   1.0750E+01   1.0000E+00
      316.00   7.0000E+02   3.0220E+00   3.1350E+00   1.0910E+01   1.0000E+00
      316.00   7.2500E+02   3.0380E+00   3.1490E+00   1.0990E+01   1.0000E+00
      316.00   7.5000E+02   3.0220E+00   3.1680E+00   1.1040E+01   1.0000E+00
      316.00   7.7500E+02   3.0640E+00   3.1850E+00   1.0960E+01   1.0000E+00
      316.00   8.0000E+02   3.0470E+00   3.1950E+00   1.0950E+01   1.0000E+00
      316.00   8.2500E+02   3.0940E+00   3.2160E+00   1.0870E+01   1.0000E+00
      316.00   8.5000E+02   3.0950E+00   3.2280E+00   1.0950E+01   1.0000E+00
      316.00   8.7500E+02   3.0310E+00   3.2360E+00   1.1010E+01   1.0000E+00
      316.00   9.0000E+02   3.0600E+00   3.2530E+00   1.0950E+01   1.0000E+00
      316.00   9.2500E+02   3.1420E+00   3.2600E+00   1.0990E+01   1.0000E+00
      316.00   9.5000E+02   3.1130E+00   3.2740E+00   1.1240E+01   1.0000E+00
      316.00   9.7500E+02   2.6036E+00   3.3000E+00   1.1620E+01   1.0000E+00
      316.00   1.0000E+03   2.0794E+00   3.3260E+00   1.1910E+01   1.0000E+00
      1000.0   1.0000E+02   1.9534E+00   3.1890E+00   7.3580E-01   1.0000E+00
      1000.0   1.2500E+02   1.4302E+00   3.0780E+00   3.0340E+00   1.0000E+00
      1000.0   1.5000E+02   1.3971E+00   3.0120E+00   3.2140E+00   1.0000E+00
      1000.0   1.7500E+02   1.4858E+00   2.9600E+00   2.9010E+00   1.0000E+00
      1000.0   2.0000E+02   1.2231E+00   2.9490E+00   3.1200E+00   1.0000E+00
      1000.0   2.2500E+02   8.5530E-01   2.9220E+00   4.3240E+00   1.0000E+00
      1000.0   2.5000E+02   8.1150E-01   2.9080E+00   6.7010E+00   1.0000E+00
      1000.0   2.7500E+02   8.7750E-01   2.9030E+00   1.0190E+01   1.0000E+00
      1000.0   3.0000E+02   9.2600E-01   2.9030E+00   1.2400E+01   1.0000E+00
      1000.0   3.2500E+02   9.0170E-01   2.9100E+00   1.4060E+01   1.0000E+00
      1000.0   3.5000E+02   9.1360E-01   2.9170E+00   1.4940E+01   1.0000E+00
      1000.0   3.7500E+02   9.1630E-01   2.9290E+00   1.5720E+01   1.0000E+00
      1000.0   4.0000E+02   9.6030E-01   2.9410E+00   1.6560E+01   1.0000E+00
      1000.0   4.2500E+02   1.0656E+00   2.9450E+00   1.7400E+01   1.0000E+00
      1000.0   4.5000E+02   1.2139E+00   2.9550E+00   1.8290E+01   1.0000E+00
      1000.0   4.7500E+02   1.4559E+00   2.9750E+00   1.8960E+01   1.0000E+00
      1000.0   5.0000E+02   1.6921E+00   2.9930E+00   1.9240E+01   1.0000E+00
      1000.0   5.2500E+02   1.7996E+00   3.0120E+00   1.9880E+01   1.0000E+00
      1000.0   5.5000E+02   1.9531E+00   3.0420E+00   2.0200E+01   1.0000E+00
      1000.0   5.7500E+02   2.1179E+00   3.0750E+00   2.0350E+01   1.0000E+00
      1000.0   6.0000E+02   2.2476E+00   3.1020E+00   2.0470E+01   1.0000E+00
      1000.0   6.2500E+02   2.3303E+00   3.1250E+00   2.0540E+01   1.0000E+00
      1000.0   6.5000E+02   2.4429E+00   3.1460E+00   2.0610E+01   1.0000E+00
      1000.0   6.7500E+02   2.5470E+00   3.1880E+00   2.0260E+01   1.0000E+00
      1000.0   7.0000E+02   2.5980E+00   3.2130E+00   1.9850E+01   1.0000E+00
      1000.0   7.2500E+02   2.6580E+00   3.2360E+00   1.9650E+01   1.0000E+00
      1000.0   7.5000E+02   2.6710E+00   3.2610E+00   1.9470E+01   1.0000E+00
      1000.0   7.7500E+02   2.7320E+00   3.2860E+00   1.9240E+01   1.0000E+00
      1000.0   8.0000E+02   2.7670E+00   3.3050E+00   1.8910E+01   1.0000E+00
      1000.0   8.2500E+02   2.8340E+00   3.3320E+00   1.8510E+01   1.0000E+00
      1000.0   8.5000E+02   2.8690E+00   3.3510E+00   1.8180E+01   1.0000E+00
      1000.0   8.7500E+02   2.8570E+00   3.3640E+00   1.7810E+01   1.0000E+00
      1000.0   9.0000E+02   2.9410E+00   3.3980E+00   1.6970E+01   1.0000E+00
      1000.0   9.2500E+02   3.0170E+00   3.4090E+00   1.6940E+01   1.0000E+00
      1000.0   9.5000E+02   3.0650E+00   3.4280E+00   1.6380E+01   1.0000E+00
      1000.0   9.7500E+02   3.1520E+00   3.4550E+00   1.5930E+01   1.0000E+00
      1000.0   1.0000E+03   3.2360E+00   3.4680E+00   1.5640E+01   1.0000E+00
