% itera v0.1 Model Grids
%
% FORMAT: parameter 2, parameter 1 (as labelled), X1, X2, Y1, Y2
%         with emission lines given as ratios with respect to H-beta 4861
%
X1 =  SII6716.3Å,6730.7Å
X2 =  NII6583.3Å, + HI6562.8Å,
Y1 =  OIII 5006.8Å
Y2 =  HI 4861.3Å
           B     VELOCITY           X1           X2           Y1           Y2
--------------------------------------------------------------------------------
   0.0010000   3.0000E+02   1.8162E+00   5.3030E+00   4.8580E+00   1.0000E+00
   0.0010000   3.2500E+02   1.8730E+00   5.4140E+00   5.3390E+00   1.0000E+00
   0.0010000   3.5000E+02   1.5596E+00   5.1820E+00   5.7910E+00   1.0000E+00
   0.0010000   3.7500E+02   1.2540E+00   4.6480E+00   5.0070E+00   1.0000E+00
   0.0010000   4.0000E+02   1.2913E+00   4.6930E+00   4.1860E+00   1.0000E+00
   0.0010000   4.2500E+02   1.0233E+00   4.3880E+00   3.1810E+00   1.0000E+00
   0.0010000   4.5000E+02   7.1350E-01   3.9696E+00   1.9810E+00   1.0000E+00
   0.0010000   4.7500E+02   7.5740E-01   3.8187E+00   1.5700E+00   1.0000E+00
   0.0010000   5.0000E+02   1.1163E+00   3.7902E+00   9.6740E-01   1.0000E+00
   0.0010000   5.2500E+02   1.6386E+00   3.9164E+00   7.6390E-01   1.0000E+00
   0.0010000   5.5000E+02   2.3173E+00   4.1390E+00   6.6010E-01   1.0000E+00
   0.0010000   5.7500E+02   2.9190E+00   4.3660E+00   5.8660E-01   1.0000E+00
   0.0010000   6.0000E+02   3.2870E+00   4.5040E+00   5.2640E-01   1.0000E+00
   0.0010000   6.2500E+02   3.6570E+00   4.6260E+00   4.6720E-01   1.0000E+00
   0.0010000   6.5000E+02   3.7020E+00   4.6230E+00   4.4550E-01   1.0000E+00
   0.0010000   6.7500E+02   3.6750E+00   4.6000E+00   4.3080E-01   1.0000E+00
   0.0010000   7.0000E+02   3.9350E+00   4.6480E+00   4.1400E-01   1.0000E+00
   0.0010000   7.2500E+02   3.9240E+00   4.6090E+00   4.0390E-01   1.0000E+00
   0.0010000   7.5000E+02   3.9420E+00   4.5770E+00   3.9160E-01   1.0000E+00
   0.0010000   7.7500E+02   3.8440E+00   4.5210E+00   3.8080E-01   1.0000E+00
   0.0010000   8.0000E+02   3.8540E+00   4.5120E+00   3.7170E-01   1.0000E+00
   0.0010000   8.2500E+02   3.8080E+00   4.4790E+00   3.6510E-01   1.0000E+00
   0.0010000   8.5000E+02   3.6290E+00   4.4070E+00   3.6110E-01   1.0000E+00
   0.0010000   8.7500E+02   3.6760E+00   4.4160E+00   3.4970E-01   1.0000E+00
   0.0010000   9.0000E+02   3.6850E+00   4.4190E+00   3.4020E-01   1.0000E+00
   0.0010000   9.2500E+02   3.6950E+00   4.4160E+00   3.3100E-01   1.0000E+00
   0.0010000   9.5000E+02   3.8150E+00   4.4250E+00   3.1990E-01   1.0000E+00
   0.0010000   9.7500E+02   3.8340E+00   4.4140E+00   3.1270E-01   1.0000E+00
   0.0010000   1.0000E+03   3.8570E+00   4.4000E+00   3.0590E-01   1.0000E+00
    0.010000   3.0000E+02   1.7949E+00   5.2840E+00   4.8000E+00   1.0000E+00
    0.010000   3.2500E+02   1.8089E+00   5.3460E+00   5.1460E+00   1.0000E+00
    0.010000   3.5000E+02   1.3198E+00   4.9110E+00   4.8210E+00   1.0000E+00
    0.010000   3.7500E+02   6.2240E-01   4.1132E+00   2.3980E+00   1.0000E+00
    0.010000   4.0000E+02   4.8510E-01   3.9464E+00   1.4630E+00   1.0000E+00
    0.010000   4.2500E+02   5.2130E-01   3.7380E+00   1.0550E+00   1.0000E+00
    0.010000   4.5000E+02   7.6440E-01   3.7180E+00   8.9250E-01   1.0000E+00
    0.010000   4.7500E+02   1.0646E+00   3.7709E+00   8.3790E-01   1.0000E+00
    0.010000   5.0000E+02   1.8650E+00   4.0254E+00   6.9980E-01   1.0000E+00
    0.010000   5.2500E+02   2.6360E+00   4.3440E+00   6.2540E-01   1.0000E+00
    0.010000   5.5000E+02   3.4150E+00   4.7070E+00   5.8880E-01   1.0000E+00
    0.010000   5.7500E+02   4.0880E+00   5.0330E+00   5.3980E-01   1.0000E+00
    0.010000   6.0000E+02   4.4740E+00   5.2600E+00   4.9940E-01   1.0000E+00
    0.010000   6.2500E+02   4.8060E+00   5.4390E+00   4.5530E-01   1.0000E+00
    0.010000   6.5000E+02   4.8610E+00   5.4920E+00   4.3580E-01   1.0000E+00
    0.010000   6.7500E+02   4.8260E+00   5.5200E+00   4.1930E-01   1.0000E+00
    0.010000   7.0000E+02   5.1200E+00   5.6300E+00   4.0260E-01   1.0000E+00
    0.010000   7.2500E+02   5.1810E+00   5.6540E+00   3.9190E-01   1.0000E+00
    0.010000   7.5000E+02   5.2090E+00   5.6780E+00   3.8220E-01   1.0000E+00
    0.010000   7.7500E+02   5.1860E+00   5.6710E+00   3.7250E-01   1.0000E+00
    0.010000   8.0000E+02   5.2040E+00   5.7000E+00   3.6300E-01   1.0000E+00
    0.010000   8.2500E+02   5.2280E+00   5.7200E+00   3.5540E-01   1.0000E+00
    0.010000   8.5000E+02   5.1130E+00   5.6760E+00   3.4900E-01   1.0000E+00
    0.010000   8.7500E+02   5.1600E+00   5.7260E+00   3.3840E-01   1.0000E+00
    0.010000   9.0000E+02   5.2480E+00   5.7650E+00   3.2810E-01   1.0000E+00
    0.010000   9.2500E+02   5.2750E+00   5.7850E+00   3.1800E-01   1.0000E+00
    0.010000   9.5000E+02   5.4300E+00   5.8360E+00   3.0700E-01   1.0000E+00
    0.010000   9.7500E+02   5.4840E+00   5.8540E+00   2.9880E-01   1.0000E+00
    0.010000   1.0000E+03   5.5460E+00   5.8700E+00   2.9080E-01   1.0000E+00
    0.050000   3.0000E+02   1.6386E+00   5.1330E+00   4.3010E+00   1.0000E+00
    0.050000   3.2500E+02   1.3988E+00   4.9060E+00   3.7980E+00   1.0000E+00
    0.050000   3.5000E+02   6.8610E-01   4.1011E+00   2.0620E+00   1.0000E+00
    0.050000   3.7500E+02   6.3050E-01   3.8100E+00   1.4500E+00   1.0000E+00
    0.050000   4.0000E+02   9.5270E-01   3.9078E+00   1.1580E+00   1.0000E+00
    0.050000   4.2500E+02   1.4107E+00   4.1420E+00   9.4720E-01   1.0000E+00
    0.050000   4.5000E+02   1.8570E+00   4.4280E+00   8.3250E-01   1.0000E+00
    0.050000   4.7500E+02   2.4040E+00   4.7310E+00   7.8310E-01   1.0000E+00
    0.050000   5.0000E+02   3.2560E+00   5.3300E+00   6.8760E-01   1.0000E+00
    0.050000   5.2500E+02   3.8780E+00   5.7870E+00   6.4090E-01   1.0000E+00
    0.050000   5.5000E+02   4.4420E+00   6.2800E+00   6.3360E-01   1.0000E+00
    0.050000   5.7500E+02   4.8680E+00   6.7010E+00   6.1290E-01   1.0000E+00
    0.050000   6.0000E+02   5.0090E+00   6.9550E+00   5.8970E-01   1.0000E+00
    0.050000   6.2500E+02   5.1030E+00   7.1330E+00   5.6330E-01   1.0000E+00
    0.050000   6.5000E+02   5.0700E+00   7.2200E+00   5.5020E-01   1.0000E+00
    0.050000   6.7500E+02   5.0390E+00   7.2590E+00   5.3240E-01   1.0000E+00
    0.050000   7.0000E+02   5.1310E+00   7.3960E+00   5.2320E-01   1.0000E+00
    0.050000   7.2500E+02   5.0730E+00   7.4170E+00   5.1380E-01   1.0000E+00
    0.050000   7.5000E+02   5.0320E+00   7.4350E+00   5.0420E-01   1.0000E+00
    0.050000   7.7500E+02   4.9630E+00   7.4220E+00   4.9290E-01   1.0000E+00
    0.050000   8.0000E+02   4.9000E+00   7.4270E+00   4.8370E-01   1.0000E+00
    0.050000   8.2500E+02   4.8310E+00   7.4080E+00   4.7450E-01   1.0000E+00
    0.050000   8.5000E+02   4.8080E+00   7.3760E+00   4.5940E-01   1.0000E+00
    0.050000   8.7500E+02   4.8210E+00   7.3960E+00   4.5080E-01   1.0000E+00
    0.050000   9.0000E+02   4.8570E+00   7.4440E+00   4.4220E-01   1.0000E+00
    0.050000   9.2500E+02   4.8810E+00   7.4430E+00   4.3210E-01   1.0000E+00
    0.050000   9.5000E+02   4.9690E+00   7.4920E+00   4.2300E-01   1.0000E+00
    0.050000   9.7500E+02   5.0030E+00   7.5050E+00   4.1560E-01   1.0000E+00
    0.050000   1.0000E+03   5.0420E+00   7.5310E+00   4.0930E-01   1.0000E+00
     0.10000   3.0000E+02   1.5233E+00   5.0250E+00   3.9120E+00   1.0000E+00
     0.10000   3.2500E+02   1.1958E+00   4.6680E+00   3.0620E+00   1.0000E+00
     0.10000   3.5000E+02   8.6130E-01   4.0816E+00   1.8350E+00   1.0000E+00
     0.10000   3.7500E+02   8.9000E-01   3.9224E+00   1.3850E+00   1.0000E+00
     0.10000   4.0000E+02   1.3324E+00   4.1840E+00   1.1420E+00   1.0000E+00
     0.10000   4.2500E+02   1.7325E+00   4.5650E+00   9.4580E-01   1.0000E+00
     0.10000   4.5000E+02   2.1225E+00   4.9440E+00   8.4260E-01   1.0000E+00
     0.10000   4.7500E+02   2.6900E+00   5.3580E+00   8.0540E-01   1.0000E+00
     0.10000   5.0000E+02   3.3470E+00   5.9900E+00   7.3620E-01   1.0000E+00
     0.10000   5.2500E+02   3.8590E+00   6.4840E+00   7.2790E-01   1.0000E+00
     0.10000   5.5000E+02   4.2550E+00   6.9680E+00   7.7570E-01   1.0000E+00
     0.10000   5.7500E+02   4.5050E+00   7.3670E+00   8.0720E-01   1.0000E+00
     0.10000   6.0000E+02   4.5290E+00   7.5860E+00   8.2010E-01   1.0000E+00
     0.10000   6.2500E+02   4.5270E+00   7.7370E+00   8.2480E-01   1.0000E+00
     0.10000   6.5000E+02   4.4360E+00   7.8020E+00   8.2350E-01   1.0000E+00
     0.10000   6.7500E+02   4.3880E+00   7.8320E+00   8.1130E-01   1.0000E+00
     0.10000   7.0000E+02   4.3720E+00   7.9100E+00   8.0950E-01   1.0000E+00
     0.10000   7.2500E+02   4.2680E+00   7.8850E+00   8.0250E-01   1.0000E+00
     0.10000   7.5000E+02   4.2020E+00   7.8390E+00   7.9100E-01   1.0000E+00
     0.10000   7.7500E+02   4.1730E+00   7.8050E+00   7.7840E-01   1.0000E+00
     0.10000   8.0000E+02   4.1580E+00   7.8020E+00   7.7650E-01   1.0000E+00
     0.10000   8.2500E+02   4.1540E+00   7.7530E+00   7.6650E-01   1.0000E+00
     0.10000   8.5000E+02   4.1750E+00   7.7450E+00   7.4230E-01   1.0000E+00
     0.10000   8.7500E+02   4.2090E+00   7.7460E+00   7.3740E-01   1.0000E+00
     0.10000   9.0000E+02   4.2170E+00   7.7860E+00   7.3570E-01   1.0000E+00
     0.10000   9.2500E+02   4.2580E+00   7.7830E+00   7.3030E-01   1.0000E+00
     0.10000   9.5000E+02   4.3170E+00   7.8130E+00   7.2510E-01   1.0000E+00
     0.10000   9.7500E+02   4.3470E+00   7.8260E+00   7.2130E-01   1.0000E+00
     0.10000   1.0000E+03   4.3760E+00   7.8440E+00   7.1890E-01   1.0000E+00
     0.20000   3.0000E+02   1.4441E+00   4.9560E+00   3.5580E+00   1.0000E+00
     0.20000   3.2500E+02   1.1847E+00   4.6090E+00   2.7280E+00   1.0000E+00
     0.20000   3.5000E+02   1.0926E+00   4.2380E+00   1.8160E+00   1.0000E+00
     0.20000   3.7500E+02   1.1868E+00   4.1560E+00   1.4130E+00   1.0000E+00
     0.20000   4.0000E+02   1.5908E+00   4.5340E+00   1.1620E+00   1.0000E+00
     0.20000   4.2500E+02   1.8155E+00   5.0050E+00   9.7170E-01   1.0000E+00
     0.20000   4.5000E+02   2.1182E+00   5.4480E+00   9.0110E-01   1.0000E+00
     0.20000   4.7500E+02   2.6200E+00   5.9310E+00   9.0530E-01   1.0000E+00
     0.20000   5.0000E+02   3.0750E+00   6.5630E+00   9.1470E-01   1.0000E+00
     0.20000   5.2500E+02   3.4100E+00   7.0230E+00   1.0030E+00   1.0000E+00
     0.20000   5.5000E+02   3.6260E+00   7.4200E+00   1.2200E+00   1.0000E+00
     0.20000   5.7500E+02   3.7800E+00   7.7700E+00   1.3950E+00   1.0000E+00
     0.20000   6.0000E+02   3.7290E+00   7.9170E+00   1.5120E+00   1.0000E+00
     0.20000   6.2500E+02   3.6330E+00   7.9820E+00   1.5900E+00   1.0000E+00
     0.20000   6.5000E+02   3.5210E+00   8.0100E+00   1.6230E+00   1.0000E+00
     0.20000   6.7500E+02   3.4690E+00   8.0030E+00   1.6200E+00   1.0000E+00
     0.20000   7.0000E+02   3.4430E+00   8.0180E+00   1.6540E+00   1.0000E+00
     0.20000   7.2500E+02   3.4000E+00   7.9960E+00   1.6590E+00   1.0000E+00
     0.20000   7.5000E+02   3.4450E+00   7.9270E+00   1.6550E+00   1.0000E+00
     0.20000   7.7500E+02   3.5030E+00   7.8790E+00   1.6410E+00   1.0000E+00
     0.20000   8.0000E+02   3.5380E+00   7.8470E+00   1.6510E+00   1.0000E+00
     0.20000   8.2500E+02   3.6040E+00   7.8130E+00   1.6200E+00   1.0000E+00
     0.20000   8.5000E+02   3.6660E+00   7.8290E+00   1.5950E+00   1.0000E+00
     0.20000   8.7500E+02   3.7500E+00   7.8220E+00   1.6090E+00   1.0000E+00
     0.20000   9.0000E+02   3.7620E+00   7.8540E+00   1.6260E+00   1.0000E+00
     0.20000   9.2500E+02   3.8470E+00   7.8650E+00   1.6350E+00   1.0000E+00
     0.20000   9.5000E+02   3.9480E+00   7.9150E+00   1.6520E+00   1.0000E+00
     0.20000   9.7500E+02   4.0160E+00   7.9400E+00   1.6590E+00   1.0000E+00
     0.20000   1.0000E+03   4.0810E+00   7.9750E+00   1.6710E+00   1.0000E+00
     0.40000   3.0000E+02   1.4298E+00   4.9740E+00   3.3660E+00   1.0000E+00
     0.40000   3.2500E+02   1.3031E+00   4.7120E+00   2.6660E+00   1.0000E+00
     0.40000   3.5000E+02   1.2994E+00   4.4700E+00   1.8760E+00   1.0000E+00
     0.40000   3.7500E+02   1.4026E+00   4.4300E+00   1.4800E+00   1.0000E+00
     0.40000   4.0000E+02   1.6578E+00   4.8820E+00   1.2290E+00   1.0000E+00
     0.40000   4.2500E+02   1.6878E+00   5.4110E+00   1.0660E+00   1.0000E+00
     0.40000   4.5000E+02   1.8855E+00   5.8710E+00   1.0900E+00   1.0000E+00
     0.40000   4.7500E+02   2.2731E+00   6.3760E+00   1.2270E+00   1.0000E+00
     0.40000   5.0000E+02   2.5200E+00   6.8890E+00   1.4450E+00   1.0000E+00
     0.40000   5.2500E+02   2.7020E+00   7.2450E+00   1.8050E+00   1.0000E+00
     0.40000   5.5000E+02   2.8310E+00   7.4860E+00   2.4010E+00   1.0000E+00
     0.40000   5.7500E+02   2.8620E+00   7.6630E+00   2.9340E+00   1.0000E+00
     0.40000   6.0000E+02   2.8050E+00   7.7170E+00   3.2550E+00   1.0000E+00
     0.40000   6.2500E+02   2.7200E+00   7.7040E+00   3.4700E+00   1.0000E+00
     0.40000   6.5000E+02   2.6570E+00   7.7050E+00   3.5700E+00   1.0000E+00
     0.40000   6.7500E+02   2.6470E+00   7.6670E+00   3.6030E+00   1.0000E+00
     0.40000   7.0000E+02   2.6950E+00   7.6600E+00   3.6990E+00   1.0000E+00
     0.40000   7.2500E+02   2.6990E+00   7.6280E+00   3.7280E+00   1.0000E+00
     0.40000   7.5000E+02   2.8850E+00   7.6100E+00   3.7400E+00   1.0000E+00
     0.40000   7.7500E+02   3.0480E+00   7.5800E+00   3.6840E+00   1.0000E+00
     0.40000   8.0000E+02   3.1520E+00   7.5830E+00   3.7100E+00   1.0000E+00
     0.40000   8.2500E+02   3.3090E+00   7.5900E+00   3.6460E+00   1.0000E+00
     0.40000   8.5000E+02   3.4350E+00   7.6260E+00   3.6410E+00   1.0000E+00
     0.40000   8.7500E+02   3.6250E+00   7.6750E+00   3.6940E+00   1.0000E+00
     0.40000   9.0000E+02   3.6870E+00   7.7090E+00   3.7420E+00   1.0000E+00
     0.40000   9.2500E+02   3.8130E+00   7.7500E+00   3.7590E+00   1.0000E+00
     0.40000   9.5000E+02   3.9060E+00   7.8340E+00   3.8300E+00   1.0000E+00
     0.40000   9.7500E+02   4.0000E+00   7.8850E+00   3.8670E+00   1.0000E+00
     0.40000   1.0000E+03   4.0780E+00   7.9420E+00   3.9310E+00   1.0000E+00
     0.50000   3.0000E+02   1.4495E+00   5.0090E+00   3.3590E+00   1.0000E+00
     0.50000   3.2500E+02   1.3433E+00   4.7680E+00   2.6710E+00   1.0000E+00
     0.50000   3.5000E+02   1.3468E+00   4.5490E+00   1.9010E+00   1.0000E+00
     0.50000   3.7500E+02   1.4465E+00   4.5240E+00   1.5140E+00   1.0000E+00
     0.50000   4.0000E+02   1.6368E+00   4.9830E+00   1.2710E+00   1.0000E+00
     0.50000   4.2500E+02   1.6054E+00   5.5160E+00   1.1210E+00   1.0000E+00
     0.50000   4.5000E+02   1.7761E+00   5.9690E+00   1.2070E+00   1.0000E+00
     0.50000   4.7500E+02   2.1165E+00   6.4600E+00   1.4290E+00   1.0000E+00
     0.50000   5.0000E+02   2.3159E+00   6.9230E+00   1.7770E+00   1.0000E+00
     0.50000   5.2500E+02   2.4596E+00   7.2220E+00   2.2820E+00   1.0000E+00
     0.50000   5.5000E+02   2.5690E+00   7.4040E+00   3.0150E+00   1.0000E+00
     0.50000   5.7500E+02   2.5980E+00   7.5220E+00   3.6820E+00   1.0000E+00
     0.50000   6.0000E+02   2.5440E+00   7.5220E+00   4.0770E+00   1.0000E+00
     0.50000   6.2500E+02   2.4730E+00   7.5030E+00   4.3280E+00   1.0000E+00
     0.50000   6.5000E+02   2.4258E+00   7.4940E+00   4.4770E+00   1.0000E+00
     0.50000   6.7500E+02   2.4408E+00   7.4600E+00   4.5470E+00   1.0000E+00
     0.50000   7.0000E+02   2.5130E+00   7.4530E+00   4.6670E+00   1.0000E+00
     0.50000   7.2500E+02   2.5500E+00   7.4400E+00   4.6820E+00   1.0000E+00
     0.50000   7.5000E+02   2.7450E+00   7.4190E+00   4.6810E+00   1.0000E+00
     0.50000   7.7500E+02   2.9450E+00   7.4290E+00   4.6040E+00   1.0000E+00
     0.50000   8.0000E+02   3.0790E+00   7.4530E+00   4.6440E+00   1.0000E+00
     0.50000   8.2500E+02   3.2580E+00   7.4830E+00   4.5800E+00   1.0000E+00
     0.50000   8.5000E+02   3.3860E+00   7.5100E+00   4.5910E+00   1.0000E+00
     0.50000   8.7500E+02   3.5860E+00   7.5550E+00   4.6720E+00   1.0000E+00
     0.50000   9.0000E+02   3.6230E+00   7.5550E+00   4.8170E+00   1.0000E+00
     0.50000   9.2500E+02   3.7580E+00   7.6120E+00   4.8560E+00   1.0000E+00
     0.50000   9.5000E+02   3.8750E+00   7.7430E+00   4.8980E+00   1.0000E+00
     0.50000   9.7500E+02   3.9680E+00   7.7870E+00   4.9700E+00   1.0000E+00
     0.50000   1.0000E+03   4.0620E+00   7.8720E+00   5.0150E+00   1.0000E+00
      1.0000   3.0000E+02   1.5082E+00   5.1840E+00   3.3950E+00   1.0000E+00
      1.0000   3.2500E+02   1.4352E+00   4.9980E+00   2.7940E+00   1.0000E+00
      1.0000   3.5000E+02   1.4206E+00   4.8240E+00   2.1210E+00   1.0000E+00
      1.0000   3.7500E+02   1.4758E+00   4.7750E+00   1.7100E+00   1.0000E+00
      1.0000   4.0000E+02   1.4854E+00   5.2310E+00   1.5330E+00   1.0000E+00
      1.0000   4.2500E+02   1.3245E+00   5.7440E+00   1.5080E+00   1.0000E+00
      1.0000   4.5000E+02   1.3833E+00   6.0760E+00   1.9400E+00   1.0000E+00
      1.0000   4.7500E+02   1.6065E+00   6.4660E+00   2.6520E+00   1.0000E+00
      1.0000   5.0000E+02   1.6954E+00   6.6860E+00   3.5900E+00   1.0000E+00
      1.0000   5.2500E+02   1.7866E+00   6.7920E+00   4.5870E+00   1.0000E+00
      1.0000   5.5000E+02   1.8444E+00   6.7810E+00   5.5180E+00   1.0000E+00
      1.0000   5.7500E+02   1.8323E+00   6.6390E+00   6.4100E+00   1.0000E+00
      1.0000   6.0000E+02   1.8565E+00   6.6540E+00   6.9700E+00   1.0000E+00
      1.0000   6.2500E+02   1.8348E+00   6.5980E+00   7.4050E+00   1.0000E+00
      1.0000   6.5000E+02   1.8365E+00   6.6070E+00   7.6730E+00   1.0000E+00
      1.0000   6.7500E+02   1.9285E+00   6.6310E+00   7.7860E+00   1.0000E+00
      1.0000   7.0000E+02   2.0700E+00   6.6760E+00   7.9960E+00   1.0000E+00
      1.0000   7.2500E+02   2.1761E+00   6.7270E+00   8.0450E+00   1.0000E+00
      1.0000   7.5000E+02   2.4251E+00   6.8090E+00   8.0970E+00   1.0000E+00
      1.0000   7.7500E+02   2.6980E+00   6.9090E+00   8.0350E+00   1.0000E+00
      1.0000   8.0000E+02   2.8680E+00   6.9750E+00   8.1670E+00   1.0000E+00
      1.0000   8.2500E+02   3.0870E+00   7.0480E+00   8.1810E+00   1.0000E+00
      1.0000   8.5000E+02   3.2360E+00   7.1130E+00   8.2980E+00   1.0000E+00
      1.0000   8.7500E+02   3.4140E+00   7.1360E+00   8.4420E+00   1.0000E+00
      1.0000   9.0000E+02   3.5260E+00   7.2270E+00   8.6000E+00   1.0000E+00
      1.0000   9.2500E+02   3.6220E+00   7.2700E+00   8.7070E+00   1.0000E+00
      1.0000   9.5000E+02   3.6070E+00   7.2810E+00   8.8900E+00   1.0000E+00
      1.0000   9.7500E+02   3.7310E+00   7.4100E+00   8.9820E+00   1.0000E+00
      1.0000   1.0000E+03   3.7870E+00   7.4630E+00   9.0900E+00   1.0000E+00
      10.000   3.0000E+02   0.0000E+00   0.0000E+00   0.0000E+00   0.0000E+00
      10.000   3.2500E+02   0.0000E+00   0.0000E+00   0.0000E+00   0.0000E+00
      10.000   3.5000E+02   0.0000E+00   0.0000E+00   0.0000E+00   0.0000E+00
      10.000   3.7500E+02   0.0000E+00   0.0000E+00   0.0000E+00   0.0000E+00
      10.000   4.0000E+02   0.0000E+00   0.0000E+00   0.0000E+00   0.0000E+00
      10.000   4.2500E+02   0.0000E+00   0.0000E+00   0.0000E+00   0.0000E+00
      10.000   4.5000E+02   0.0000E+00   0.0000E+00   0.0000E+00   0.0000E+00
      10.000   4.7500E+02   0.0000E+00   0.0000E+00   0.0000E+00   0.0000E+00
      10.000   5.0000E+02   4.7870E-01   4.2540E+00   9.5610E+00   1.0000E+00
      10.000   5.2500E+02   3.8870E-01   4.0570E+00   1.2400E+01   1.0000E+00
      10.000   5.5000E+02   4.1320E-01   4.0130E+00   1.4910E+01   1.0000E+00
      10.000   5.7500E+02   4.5910E-01   3.9880E+00   1.5660E+01   1.0000E+00
      10.000   6.0000E+02   5.1450E-01   3.9320E+00   1.4340E+01   1.0000E+00
      10.000   6.2500E+02   5.4160E-01   3.9240E+00   1.4280E+01   1.0000E+00
      10.000   6.5000E+02   5.8660E-01   3.9600E+00   1.5540E+01   1.0000E+00
      10.000   6.7500E+02   6.7070E-01   4.0230E+00   1.7630E+01   1.0000E+00
      10.000   7.0000E+02   7.8180E-01   4.1270E+00   1.9580E+01   1.0000E+00
      10.000   7.2500E+02   9.3120E-01   4.2810E+00   2.1260E+01   1.0000E+00
      10.000   7.5000E+02   1.0321E+00   4.4930E+00   2.2700E+01   1.0000E+00
      10.000   7.7500E+02   1.1571E+00   4.6490E+00   2.3690E+01   1.0000E+00
      10.000   8.0000E+02   1.2725E+00   4.9250E+00   2.4450E+01   1.0000E+00
      10.000   8.2500E+02   1.3769E+00   5.1080E+00   2.4790E+01   1.0000E+00
      10.000   8.5000E+02   1.4802E+00   5.2910E+00   2.4820E+01   1.0000E+00
      10.000   8.7500E+02   1.6080E+00   5.4980E+00   2.4670E+01   1.0000E+00
      10.000   9.0000E+02   1.6826E+00   5.6540E+00   2.4390E+01   1.0000E+00
      10.000   9.2500E+02   1.7593E+00   5.8080E+00   2.3470E+01   1.0000E+00
      10.000   9.5000E+02   1.8216E+00   5.9220E+00   2.3350E+01   1.0000E+00
      10.000   9.7500E+02   1.8522E+00   6.0380E+00   2.2730E+01   1.0000E+00
      10.000   1.0000E+03   1.9196E+00   6.1370E+00   2.2130E+01   1.0000E+00
